0000000000000000000000000000000000000000
0000000000000000000000000000000000000000
0000001111111000001001000001111111000000
0111111111111100001111000011111111111110
0001111111111110001111000111111111111000
0000001111111111111111111111111111000000
0000000011111111111111111111111100000000
0000000001111111111111111111111000000000
0000000000111111111111111111110000000000
0000000000000000111111110000000000000000
0000000000000000011111100000000000000000
0000000000000000001111000000000000000000
0000000000000000000110000000000000000000
0000000000000000000010000000000000000000
0000000000000000000000000000000000000000