00000000000000000000000000000000000000000000000000000000000000000000000000000000
00000000000000000000000000000000000000000000000000000000000000000000000000000000
00000000000000000000000000000000000001111111111111110000000000000000000000000000
00000000000000000000000000000000001111111111111111111110000000000000000000000000
00000000000000000000000000000001111111111111111111111111110000000000000000000000
00000000000000000011111111000011111111111111111111111111111100000000000000000000
00000000000000111111111111111111111111111111111111111111111111000000000000000000
00000000000111111111111111111111111111111111111111111111111111100000000000000000
00000000011111111111111111111111111111111111111111111111111111111000000000000000
00000000111111111111111111111111111111111111111111111111111111111100000000000000
00000011111111111111111111111111111111111111111111111111111111111110000000000000
00000111111111111111111111111111111111111111111111111111111111111111000000000000
00001111111111111111111111111111111111111111111111111111111111111111100000000000
00001111111111111111111111111111111111111111111111111111111111111111110000000000
00011110000111111111111111111111111111111111111111111111111111111111111000000000
00000000000111111111111111111111111111111111111111111111111111111111111100000000
00000000011111111111111111111111111111111111111111111111111111111111111100000000
00000001111111111111111111111111111111111111111111111111111111111111111110000000
00000011111111111111111111111111111111111111111111111111111111111111111111000000
00000111111111111111111111111111111111111111111111111111111111111111111111000000
00001111111111111111111111111111111111111111111111111111111111111111111111100000
00001111111111111111111111111111111111111111111111111111111111111111111111100000
00011111111111111111111111111111111111111111111111111111111111111111111111110000
00011111111111111111111111111111111111111111111111111111111111111111111111110000
00111111111111111111111111111111111111111111111111111111111111111111111111111000
00111111111111111111111111111111111111111111111111111111111111111111111111111000
00111111111111111111111111111111111111111111111111111111111111111111111111111100
01111111111111111111111111111111111111111111111111111111111111111111111111111100
01111111111111111111111111111111000001111111111111111111111111111111111111111100
01111111111111111111111111111000000000011111111111111111111111111111111111111100
01111111111111111111111111100000000000001111111111111111111111001111111111111100
01111111111111111111111111000000000000000011111111111111111110000111111111111110
01111111111111111111111110000000000000000011111111111111111110000011111111111110
01111111111111111111111100000110000000000001111111111111111110000011111111111110
01111111111111111111111000000011000000000000111111111111111110000001111111111110
01111111111111111111110000000001100000000000011111111111111100000001111111111110
01111111111111111111100000000001110000000000011111111111111100000000111111111110
01111111111011111111100000000000111000000000001111111111111000000000111111111110
01111111110011111111000000000000011100000000001111111111110000000000011111111110
01111111110001111111000000000000011100000000000111111111110000000000011111111110
00111111110001111110000000000001111000000000000111111111100000000000011111111110
00111111100000111110000000000111100000000000000011111111000000000000001111111110
00111111100000011110000000000011000000000000000011111110000000000000001111111100
00111111100000000110000000000001100000000000000001111100000000000000001111111100
00011111100000000000000000000000110000000000000001111000000000000000000111111100
00011111100000000000000000000000011000000000000001100000000000000000000111111100
00011111000000000000000000000000001100000000000000000000000000000000000111111100
00001111000000000000011111100000001100000000000000000011111100000000000111111000
00001111000000000011111111111100000000000000000000011111111111100000000011111000
00001111000000000111111111111111000000000000000001111111111111110000000011111000
00000111000000011111000000000111100000000000000011110000000001111100000011110000
00000111000000111100000000000001110000000000000111000000000000011110000011110000
00000111000001111000000000000000111000000000001110000000000000000111000011110000
00000011000001110000000000000000011100000000011100000000000000000011000001100000
00000011000011100000000000000000001110000000111000000000000000000011100001100000
00000001000011000000000000000000000110000000111000000000000000000001110001000000
00000001000111000000000000000000000111000000110000000000000000000001110001000000
00000000000110000000000000000000000111111111110000000000000000000000110000000000
00000000000110000000000000000000000011111111100000000000000000000000111000000000
00000000000110000000000000000000000011100011100000000000000000000000111000000000
00000000001110000000000000000000000011000001100000000000000000000000111000000000
00000000001110000000000000000000000011000001100000000000000000000000111000000000
00000000001110000000000000000000000011000001100000000000000000000000111000000000
00000000000110000000000000000000000011000001100000000000000000000000111000000000
00000000000110000000000000000000000011000001110000000000000000000000110000000000
00000000000111000000000000000000000111000001110000000000000000000000110000000000
00000000000111000000000000000000000110000000110000000000000000000001110000000000
00000000000011100000000000000000001110000000111000000000000000000001100000000000
00000000000011100000000000000000011100000000011100000000000000000011100000000000
00000000000001110000000000000000011100000000001110000000000000000111000000000000
00000000000000111000000000000001111000000000001111000000000000001110000000000000
00000000000000011110000000000011110000000000000111100000000000111100000000000000
00000000000000001111110000011111100000000000000001111100000011111000000000000000
00000000000000000011111111111110000000000000000000111111111111100000000000000000
00000000000000000000111111111000000000000000000000001111111110000000000000000000
00000000000000000000000000000000000000000000000000000000000000000000000000000000
00000000000000000000000000000000000000000000000000000000000000000000000000000000
00000000000000000000000000000000000000000000000000000000000000000000000000000000
00000000000000000000000000000000000000000000000000000000000000000000000000000000
00000000000000000000000000000000000000000000000000000000000000000000000000000000
00000000000000000000000000000000000000000000000000000000000000000000000000000000
00000000000000000000000000000000000000000000000000000000000000000000000000000000
